#VERSION
Rasputin Levels Configuration File Version 0.1 Test 2003/12/09
#FORTITUDE
0 1
1 2
2 1
3 2
4 2
5 2
6 2
7 1
8 2
9 2
10 2
11 2
12 2
13 2
14 2
15 1
16 1
17 1
18 1
19 1
20 1
21 1
22 1
23 1
24 1
25 1
26 1
27 1
#REFLEX
0 1
1 1
2 2
3 1
4 2
5 1
6 1
7 2
8 2
9 1
10 1
11 1
12 1
13 1
14 1
15 1
16 1
17 1
18 1
19 1
20 1
21 1
22 1
23 1
24 1
25 1
26 1
27 1
#WILL
0 2
1 2
2 1
3 1
4 2
5 1
6 1
7 1
8 1
9 2
10 1
11 2
12 2
13 1
14 2
15 2
16 1
17 1
18 1
19 1
20 1
21 1
22 1
23 1
24 1
25 1
26 1
27 1
#EXPERIENCE
2000
#BASEHIT
* 1 = level * 1/2
* 2 = level * 3/4
* 3 = level
0 1
1 2
2 2
3 3
4 2
5 3
6 3
7 2
8 3
9 2
10 3
11 3
12 3
13 3
14 2
15 2
16 1
17 1
18 1
19 1
20 1
21 1
22 1
23 1
24 1
25 1
26 1
27 1
$
